---- NLP Pipeline Output (First 20 results - Normalized TF-IDF) ----
================================================================================
Original Text: Beginners BBQ Class Taking Place in Missoula!
Do you want to get better at making delicious BBQ? You...
Normalized TF-IDF Vector: (20000,[264,298,673,717,829,1271,1466,1499,1600,2049,2543,2953,3249,3557,4490,4941,5834,6061,6390,6408,6726,6860,7229,7334,7779,7881,8210,8323,8438,8522,9156,9360,9426,11073,11413,11781,12871,12968,13480,13703,14007,14399,14832,15191,15416,15788,15968,16537,16924,16976,17061,17390,17712,18063,18190,18359,18440,18871,18893,18952,19126,19348],[0.4063261176399174,0.07158607128284364,0.08457756969247708,0.07939819184570136,0.10905067036998708,0.15557044106002935,0.09578801358579844,0.06624625240783286,0.14683455236514326,0.08780473348116795,0.10656982497522073,0.11594916905454711,0.06868754279919766,0.15557044106002935,0.19343153525625417,0.15083679396086797,0.15083679396086797,0.05755795892034865,0.050418418419185256,0.22756863493829688,0.10158152940997935,0.08780473348116795,0.14683455236514326,0.05190775447218009,0.04687248344328436,0.16136395688421026,0.13076232698122514,0.06980842959781794,0.09020303846806668,0.10031478167510098,0.0683244155041257,0.05143309448115483,0.07190742322411824,0.05190775447218009,0.14683455236514326,0.09062521327179844,0.06112714277030523,0.0985235074466448,0.13076232698122514,0.10504842877426233,0.3559048135613769,0.1350995819782441,0.08978761875175871,0.08705212489091235,0.10993086240305544,0.15557044106002935,0.16136395688421026,0.038057799002434806,0.12704697425333708,0.07179131486840871,0.05877711144782513,0.168833097844218,0.045044408105382724,0.1065761151715518,0.05181212571446794,0.09739449572905137,0.07349442881396787,0.06126415194506643,0.07138243746746024,0.06942939836450483,0.0688710289223591,0.13757413717667935])
================================================================================

================================================================================
Original Text: Discussion in 'Mac OS X Lion (10.7)' started by axboi87, Jan 20, 2012.
I've got a 500gb internal dri...
Normalized TF-IDF Vector: (20000,[406,643,651,1023,1349,1695,1845,1850,1994,2137,2207,2625,2672,2707,2944,2990,3116,3192,3281,3900,4182,4206,4501,4748,4988,4991,5015,5038,5780,6403,6431,6447,7216,7289,7317,7439,7569,7953,8100,8295,8348,9012,9100,9188,9227,9330,9667,9810,10001,10168,10220,10383,10588,10815,10922,10960,11148,11558,11623,11909,11963,12155,12196,12211,12531,12668,12692,12971,13092,13286,13303,13525,13549,13635,13652,13834,13855,13958,14053,14319,14394,14893,14898,14921,15108,15133,15315,15619,15685,15775,15815,15918,16010,16325,16406,16451,16537,16627,16683,16984,17000,17353,18014,18248,18255,18267,18305,18454,18490,18493,19527],[0.0685890320254622,0.0685890320254622,0.06676911879491437,0.026614355147241933,0.17715025654540784,0.03050832294944021,0.307089495895791,0.031233838568769347,0.3071647610508194,0.04120941245294787,0.0392520580095631,0.14148306502523372,0.043094016622598603,0.058923061021953986,0.03771664208380618,0.03414163571831713,0.09692532418247177,0.03648715522160832,0.053249610261678335,0.03830706845215615,0.16406975862627576,0.024184052034719863,0.10756699269455999,0.030199650024795598,0.03648715522160832,0.0651926382474191,0.03183066215583287,0.025087169313729753,0.0335201202817137,0.0172547766365605,0.039584645266169935,0.032645196608572825,0.17715025654540784,0.0651926382474191,0.04428756413635196,0.05437484861564575,0.09422385167449027,0.028566181111552614,0.05777124239368887,0.03830706845215615,0.035979289097728046,0.031743532115739256,0.06676911879491437,0.03283409770808338,0.058497605661059444,0.05128689332417567,0.0464904104006417,0.042648451787606206,0.03648715522160832,0.0685890320254622,0.13353823758982875,0.03701785431157471,0.06380208385501976,0.02368045082132016,0.040828538557058376,0.04738225511148767,0.2743561281018488,0.034797697095727484,0.03322121654823221,0.16888067388358774,0.22012794058771393,0.03131727401742396,0.033930807493564884,0.026065136732933893,0.11978062219267442,0.06040569007697666,0.0685890320254622,0.05777124239368887,0.05040243489794327,0.0464904104006417,0.0315711777138875,0.016419904423671437,0.05777124239368887,0.023516865102680324,0.029678161668678208,0.03830706845215615,0.05946070051956971,0.035612231548467446,0.057009296298933546,0.02595829376983158,0.04027932014275034,0.05561874190653421,0.0651926382474191,0.0651926382474191,0.04355705898387242,0.035443781514871264,0.04711192583724513,0.06914986901745754,0.034465109839120656,0.09622043202542072,0.03183066215583287,0.06380208385501976,0.028303813273122775,0.40716968992277863,0.040047134718291265,0.02113594507257446,0.0865288742239448,0.05777124239368887,0.02272252922945573,0.2057670960763866,0.04619150666716021,0.032929693913363735,0.2607705529896764,0.043323267842267914,0.04920078160505449,0.029605508720339777,0.05766902472617831,0.04743539995804866,0.02997332871377688,0.09840156321010898,0.03456049640764765])
================================================================================

================================================================================
Original Text: Foil plaid lycra and spandex shortall with metallic slinky insets. Attached metallic elastic belt wi...
Normalized TF-IDF Vector: (20000,[55,110,717,750,1470,2902,3115,3344,3690,6876,8149,10486,13224,13323,15595,16443,17908,18574,19251,19791,19895,19953],[0.42028028783055166,0.23059374561112977,0.13308261878421515,0.07488873282707507,0.23059374561112977,0.18425970055132815,0.09872849195341873,0.07675141225038912,0.18135742762051277,0.2528238374538525,0.2159511584451375,0.2461155134960318,0.17863666888588134,0.23517882089064054,0.2461155134960318,0.15262001894612914,0.20266157037287816,0.2704688540170645,0.19071863720519505,0.22644604049998765,0.20042939056023543,0.16418288013073704])
================================================================================

================================================================================
Original Text: How many backlinks per day for new site?
Discussion in 'Black Hat SEO' started by Omoplata, Dec 3, 2...
Normalized TF-IDF Vector: (20000,[298,585,591,761,790,1257,1675,2270,2634,3509,3526,3862,4090,4206,4292,4376,4702,4775,4818,4858,5267,5559,5741,5891,5925,5931,6044,6403,6602,7310,7343,7953,7973,8458,8791,8904,9133,9257,9413,9546,9681,10222,10288,10815,11099,11344,11384,11896,11948,12053,12515,12827,12996,13014,13048,13103,13303,13391,13525,13571,14394,14892,14943,15052,15188,15315,15662,16151,16216,16954,17036,17061,17315,17538,17642,18217,18229,18267,18616,19893,19917],[0.1109778172766483,0.06958290829837187,0.10663860429818788,0.06991958171132875,0.08591753153788781,0.13902851413306108,0.09077091371283481,0.10472048859682556,0.06555908088564304,0.051479246760446275,0.05200542006520318,0.08740895318115835,0.13902851413306108,0.08244974900971509,0.06380797844576083,0.05931721837886909,0.08521131934051591,0.09717978948108887,0.06380797844576083,0.04575467431727524,0.05486482816632226,0.08261093550469856,0.05950980341317687,0.2593629070726687,0.040686123871707,0.07651352363352032,0.05613296304163018,0.02941301980455296,0.10295849352089255,0.07592674788467216,0.06635885430456247,0.04869478570903306,0.05580835951243219,0.07775755332975157,0.061544360996803764,0.04083858658958371,0.1066578749947837,0.10296938615694337,0.1732988594813417,0.055331064829116657,0.1116229958602263,0.04091525328233152,0.11532435618077647,0.02018321023966244,0.09372130606650596,0.11691896104093409,0.08386915659531949,0.05662990143807941,0.05713942188089509,0.10135852806514908,0.08030842918855322,0.055331064829116657,0.04362452874412965,0.057486412933789685,0.04950219988225197,0.16061685837710643,0.053817194792545174,0.060501382412571574,0.027989871104966438,0.13086853592492484,0.13732272124141565,0.03639379148178496,0.04717108662098041,0.062197120353966545,0.030897769814244185,0.08030842918855322,0.09717978948108887,0.09717978948108887,0.09717978948108887,0.19191944005500133,0.08142677147099607,0.04556022852918613,0.6029408959108931,0.05931721837886909,0.060705698710696025,0.11381668130586929,0.05950980341317687,0.05046645532751437,0.061331396231632744,0.09595972002750067,0.09986710642187856])
================================================================================

================================================================================
Original Text: The Denver Board of Education opened the 2017-18 school year with an update on projects that include...
Normalized TF-IDF Vector: (20000,[157,298,366,468,477,528,585,717,722,1072,1243,1770,1799,2188,2405,3256,3506,4574,5044,5053,5465,5530,5734,6153,6287,7448,7451,7454,8029,8091,8217,8651,8679,8899,9031,9711,10506,11523,12408,12436,12534,12679,12953,12996,13014,13120,13218,13424,13427,13666,14092,14595,14682,14953,14956,15184,15230,15396,15530,15748,15862,15967,16252,18083,18141,18224,19209,19572],[0.08288750726817382,0.04012531153825184,0.07864613263875499,0.027959348232725893,0.28886484567360937,0.09930123165707178,0.0167723360801599,0.0445041490095879,0.06320743304733295,0.044046954141661515,0.03860348028530387,0.037703017453310034,0.06702557813245855,0.054591408820275834,0.03760632048821197,0.18089494017464608,0.03605376326205451,0.038916456642548204,0.0464917108781564,0.07572580417419579,0.04221665240864337,0.04481712536683223,0.1569117366579939,0.10053472989801097,0.02898824584344029,0.12323654651092555,0.04275570809787826,0.04529958412578328,0.20106945979602195,0.06702557813245855,0.06762086625621157,0.13541094261960768,0.07027295046594717,0.0524574477473428,0.07121216921886246,0.07121216921886246,0.0464917108781564,0.17740059707503764,0.04465979583770297,0.5149782539333052,0.052842967908566185,0.03881138153115943,0.03881138153115943,0.06309180877847198,0.041569753033343614,0.05257094429309508,0.037703017453310034,0.05128224089624849,0.05204169179702648,0.03571132770506414,0.04070984150506651,0.05257094429309508,0.09463406117372694,0.09558055452799592,0.07027295046594717,0.42727301531317474,0.05128224089624849,0.2222051382112797,0.09463406117372694,0.055885847326440016,0.03614064614522142,0.07502052358312018,0.05398495274948165,0.05807288013793701,0.10857004386195042,0.06377820579896992,0.07445954155235109,0.22775327328708247])
================================================================================

================================================================================
Original Text: BANGALORE CY JUNCTION SBC to GONDIA JUNCTION G train timings, routes, stops, and complete info.
As o...
Normalized TF-IDF Vector: (20000,[110,992,1896,2549,2620,2979,3756,4218,5360,5617,5931,6602,6980,7974,8048,8527,10266,10288,10782,11270,11320,13278,13644,13860,14279,14791,17534,18843,19832],[0.10440503410332154,0.05171505288461332,0.12245913197992206,0.1144700663998758,0.07192075465352758,0.21927480494355617,0.36737739593976615,0.1361165297963584,0.1114327646303234,0.15725270118445392,0.0374554651052327,0.05040100204808317,0.0781008938498741,0.12245913197992206,0.09777536681388706,0.09923555028640028,0.05185140955408415,0.1693632913601745,0.11806243191975788,0.6528104049809142,0.07117713960691058,0.12812746421631213,0.05052853297939918,0.1144700663998758,0.30758128133492063,0.20441951351207455,0.07660370856347956,0.07192075465352758,0.11806243191975788])
================================================================================

================================================================================
Original Text: I thought I was going to finish the 3rd season of the Wire tonight.
But there was a commentary on ep...
Normalized TF-IDF Vector: (20000,[749,3389,3401,3491,5038,6487,6578,7412,8273,10055,12309,12358,17464,18431,18458,19878],[0.26718342569261266,0.22303947324657097,0.5343668513852253,0.2851681247368245,0.10714625499440361,0.1676439044976693,0.3553692268453527,0.22518546603290815,0.10507944027142806,0.14023306342561734,0.1902347534932129,0.31167023975520847,0.19986837366303395,0.15927439945108132,0.18808876070687572,0.1751837759653126])
================================================================================

================================================================================
Original Text: The rich get richer and the poor get poorer eh?
Or is it the rich think different and play by a diff...
Normalized TF-IDF Vector: (20000,[585,855,2327,3502,3900,3931,4385,4887,6178,7196,7403,7958,8103,9426,9531,10222,10301,10533,11782,11914,12007,12173,12335,13048,13477,14263,14583,15342,16212,16633,16683,17712,18154,19689],[0.022600591520537994,0.031718246537514205,0.07825275120567259,0.07576717085063044,0.06362791254513767,0.09647015564018716,0.11750144884209868,0.10203992810099557,0.10203992810099557,0.08303014066686462,0.053914739632772664,0.06660892567315975,0.5988393672147242,0.05431125831979611,0.0772204161447152,0.03986793376448866,0.07314864193525754,0.055676807648467476,0.06660892567315975,0.1139261527339901,0.07441423184960326,0.051200692566848297,0.20591742537689675,0.04823507782009358,0.039278119753778026,0.32167918566333825,0.10828475403108276,0.0387761952317478,0.5836729935115549,0.0614865321706169,0.07548409006666058,0.0340217793210147,0.05376213312301871,0.06388094621763592])
================================================================================

================================================================================
Original Text: Biomedics 1 Day Extra are daily replacement disposable contact lenses by CooperVision Hydron. Buy on...
Normalized TF-IDF Vector: (20000,[666,1128,2719,3143,3445,3563,3783,5255,5727,5931,6378,6581,6647,7334,7922,8132,8282,9133,9776,10080,10135,10288,10310,10325,10359,10815,11611,12662,13190,13792,13825,13852,14303,15678,15873,16024,16053,16368,16494,16537,16703,16828,17314,17846,17922,18437,19545,19838,19907],[0.3928154631815815,0.09462363372430019,0.3928154631815815,0.15419622242045497,0.09662868535899925,0.12132397033510157,0.043318865995469434,0.11450236168451715,0.09277498489759298,0.1803045510516788,0.15419622242045497,0.0995965935481774,0.06240107481497919,0.04740764551583307,0.09733656830051127,0.2290047233690343,0.14208336302562308,0.1675599236475852,0.12132397033510157,0.07276842742277244,0.14737461376987054,0.06794062434666528,0.07546591423457191,0.13093848772719385,0.11306481140167594,0.023780924523058397,0.05192419629637285,0.102094935550917,0.07724517238981267,0.024106201469120552,0.09806623564184046,0.2467744234705605,0.09337532879976095,0.10695108569260356,0.11450236168451715,0.0861020433015972,0.06306907159480209,0.21679167298353025,0.22726001935334764,0.03475840291236698,0.08019255931632256,0.09733656830051127,0.16381073981254723,0.11603271959085411,0.08126246940492905,0.059462243658915066,0.056078691288450076,0.15419622242045497,0.13410482650975633])
================================================================================

================================================================================
Original Text: Sysco Corp. has terminated its planned $3.5 billion takeover of US Foods, it announced Monday, after...
Normalized TF-IDF Vector: (20000,[22,183,196,258,274,419,573,713,1068,1296,1736,1787,1835,2094,2259,2475,2498,2635,2685,2695,2722,2729,2790,2953,2958,3010,3030,3038,3160,3388,3700,3783,3851,4130,4171,4206,4310,4408,4450,4495,4519,4526,4589,4640,4677,4682,4877,4897,5070,5200,5240,5294,5356,5699,5775,5778,5931,6081,6190,6243,6476,6660,6771,6790,7022,7410,7493,7586,7631,7741,8002,8273,8344,8444,8447,8451,8592,8651,8653,8885,8899,9133,9169,9321,9351,9540,9809,9887,10044,10080,10167,10220,10333,10357,10453,10524,10594,10633,10793,10942,11058,11399,11433,11480,11906,12212,12270,12545,12633,12657,12679,12870,12968,13057,13094,13218,13525,13666,13798,13894,13947,13989,14092,14241,14320,14527,14642,14728,15122,15502,15589,15612,15738,16218,16604,16781,16854,17158,17336,17452,17490,17504,17658,17752,17766,18109,18251,18297,18363,18442,18744,18865,18870,18910,19036,19160,19189,19193,19227,19721],[0.048744007933977936,0.03554261443476648,0.029615151363813173,0.10534402547789955,0.023238865840424915,0.0330619697082976,0.023771434603361515,0.059819396506683394,0.04031501695958743,0.03226154896212813,0.04386273981309299,0.04069053993651864,0.046330509750191,0.07341721575023771,0.02905746331531423,0.018223302845350696,0.05202507340661629,0.02905746331531423,0.04069053993651864,0.04236772241058968,0.02894987103027779,0.034507925471819044,0.030208843511125877,0.04108204734058876,0.02137200581131111,0.024666490740018362,0.031384787234226545,0.03357793870341448,0.02984805077834118,0.035991436887201425,0.046330509750191,0.03361053053734368,0.055120293457366194,0.03375656636463143,0.049713223058221845,0.0565310927454487,0.055120293457366194,0.055120293457366194,0.055120293457366194,0.05344311098329514,0.037219796908837526,0.02996674965754769,0.04191889995815474,0.046330509750191,0.04706682545990689,0.0635492844317567,0.03554261443476648,0.027201653180026226,0.055120293457366194,0.04069053993651864,0.055120293457366194,0.092661019500382,0.02832947629381225,0.0414909606826881,0.031812726509693176,0.05161784491401552,0.0349739742712696,0.04786724620607635,0.05202507340661629,0.0856791424935439,0.0377610727576148,0.0866944927994983,0.03393873143619918,0.055120293457366194,0.01982083949285298,0.04283957124677195,0.0330619697082976,0.07727566897103277,0.03152523325241223,0.02741192983646068,0.02873838963591159,0.01917032486955671,0.025509740461808674,0.03375656636463143,0.04236772241058968,0.0255836286944251,0.17243033781546954,0.057063322074109656,0.023894090227221863,0.7625914131810804,0.033159021472895574,0.016250938826460587,0.02729053344153866,0.12324614202176629,0.025733209803236266,0.0991859091248928,0.03804414233820368,0.023412985275379678,0.01917032486955671,0.02823002629274006,0.05717299890836844,0.15607522021984885,0.036224336301729436,0.07443959381767505,0.020781247497703353,0.016250938826460587,0.021953190770424,0.07608828467640737,0.06421899065324903,0.04112753215993443,0.025436440986304924,0.059819396506683394,0.05476056168248635,0.02279004338798997,0.049713223058221845,0.04786724620607635,0.06824915371617525,0.05079671338498019,0.05344311098329514,0.04946776648585645,0.024533169051284,0.05223632570653576,0.03490794656044308,0.02312459063791048,0.05344311098329514,0.023832557987737625,0.012794039346168453,0.022573585506889534,0.07443959381767505,0.15239014015494057,0.0481623914093139,0.0176734604566057,0.025733209803236266,0.03393873143619918,0.04121370595217414,0.02685447856298378,0.049713223058221845,0.030563447404433362,0.020650142634817643,0.03927250235983978,0.026039872716850248,0.03927250235983978,0.059819396506683394,0.10159342676996037,0.03490794656044308,0.059819396506683394,0.10294276323939114,0.038336199741201615,0.04706682545990689,0.04442042786159193,0.04031501695958743,0.02996674965754769,0.03166785681481542,0.06941152363440102,0.022681177791925973,0.04069053993651864,0.048744007933977936,0.03819346438605936,0.05717299890836844,0.01483290124978173,0.03995422422680274,0.028131639948430785,0.055120293457366194,0.06362545301938635,0.04786724620607635,0.01451566169170984,0.022467237091167935,0.037219796908837526,0.04442042786159193,0.045014120008904646])
================================================================================

================================================================================
Original Text: Pencarian FILM Untuk "Peace Breaker 2017"
yuk mampir ke channel say..
Edges East provides the l..
A ...
Normalized TF-IDF Vector: (20000,[165,668,935,1239,4592,4866,4877,4928,5003,6576,6622,8252,9540,9699,9853,10278,10533,10652,10702,10815,11146,11152,11575,14391,14826,15353,15862,16298,16375,16555,16697,17038,17595,17883],[0.20781485379036313,0.1058104457393142,0.19148999145193085,0.08862180653575442,0.13880249134697847,0.20781485379036313,0.12347639149557459,0.07158898933102052,0.11665103343950037,0.11604229506337956,0.14005589899384263,0.11154960541668607,0.11485853756788796,0.22077262600254097,0.0728124037345085,0.1807370795227086,0.09073548901514472,0.14718707563697464,0.12272440860140359,0.03205026216066014,0.16629263002597613,0.06377499120376898,0.13022936492620324,0.20781485379036313,0.2073865224546451,0.3829799829038617,0.07936426907401477,0.17270562367070724,0.18566339588288502,0.14272059164855286,0.3965003831178858,0.19862116809506286,0.17646971018758476,0.11371706628229948])
================================================================================

================================================================================
Original Text: Below you'll find some great videos that will encourage you, train you and build you up in hearing f...
Normalized TF-IDF Vector: (20000,[313,585,750,841,992,1023,1117,1472,1499,1929,2355,2402,2543,3035,3036,3056,3443,3609,3611,3862,4089,4510,4548,4563,4674,4842,5192,5271,5617,5758,6123,6142,6229,6660,7386,7595,7690,7829,8073,8438,8457,8596,9275,9391,9426,9579,9704,9806,9826,10234,10260,10357,10496,10798,11073,11209,11548,11611,11702,11762,11921,11967,12449,12569,12627,12697,13014,13131,13287,13477,13496,13530,14007,14260,14693,14762,15529,15855,15967,16328,16397,16449,16487,17460,17510,17758,17963,18133,18267,18380,18393,19347,19428,19459,19938],[0.05010513177394428,0.019273143697771236,0.028777605065370696,0.05027320066091224,0.04389158087597031,0.03769792612964869,0.06345834719827408,0.06864497920216803,0.042668778191411405,0.06010258865199026,0.3383050318930419,0.10410778679044627,0.0686409277278238,0.10020190428078565,0.1039334699568114,0.04677980583567931,0.054915956648096294,0.05078778629244389,0.055367949392485696,0.07263185844037111,0.07878121458200373,0.15575412786287635,0.07542545603571991,0.06628576222373427,0.04881813433304403,0.05921444825969996,0.07139257205463412,0.09457517547004193,0.0667317276790005,0.09234216824910749,0.04791398368247848,0.16749749725187224,0.15947411672051579,0.02626665160955548,0.0739703897078517,0.07023882403182596,0.0667317276790005,0.07328773518935208,0.061365279819002104,0.11619837502325506,0.10020190428078565,0.0739703897078517,0.040275743782866254,0.026428224977509497,0.02315755065642828,0.08298387376233803,0.07973705836025789,0.03676864743004081,0.03810090258054358,0.11410735498892824,0.07080574996740387,0.06766100637860838,0.07542545603571991,0.07620339692878615,0.033433445387256594,0.0480613213183298,0.17403351548684765,0.03661866693152241,0.09457517547004193,0.056554454944850084,0.12766830865603201,0.03691998523658245,0.08701675774342382,0.04637356609791853,0.07023882403182596,0.06501507167197713,0.047767932854637575,0.04913071751794477,0.2958815588314068,0.06699053389862875,0.03684414513611369,0.059505285390182384,0.057308991056641445,0.05892858294833879,0.03972740897037174,0.09234216824910749,0.45255273621431946,0.07139257205463412,0.04310315880832645,0.13806727568051586,0.08422316014807502,0.09439232091616125,0.04733728124063488,0.03525718066594026,0.028226256879863038,0.09457517547004193,0.04881813433304403,0.07468210194607114,0.04193474816862875,0.07878121458200373,0.21241724990221159,0.028226256879863038,0.04471902169711144,0.194305986246519,0.0971529931232595])
================================================================================

================================================================================
Original Text: "Unemployment, Relative Price Dispersion and the Implicit Contract Model."
"The Federal Reserve&apos...
Normalized TF-IDF Vector: (20000,[2,8,132,454,647,674,725,735,953,1236,1262,1296,1721,1738,2370,3853,4611,4763,4916,5850,6369,6552,6906,7026,7102,7463,7689,7692,7948,8040,8152,8657,8813,9179,9520,9611,9969,10070,10352,10572,10577,10633,11040,11125,11751,12275,12500,12657,12724,12829,12832,13440,13871,14260,14728,15201,15392,15513,15566,16342,16349,16394,16638,17252,17547,17910,19701,19753],[0.06280921912522214,0.06634294053410589,0.03845425150693728,0.1546137374714371,0.06739730729172198,0.06360780013021516,0.05772905990464207,0.0544772826032656,0.07118681445322879,0.23678839521398334,0.13268588106821178,0.1385907063751088,0.27035970659184866,0.037742048203963555,0.05882740851399261,0.08186883518411432,0.06280921912522214,0.06360780013021516,0.43642990594298847,0.04100307264672146,0.08565834234562113,0.15785893014265556,0.055773989616413236,0.06536674939084879,0.04454818407132298,0.1908234003906455,0.05256486497731189,0.045764976467127606,0.07652782481867156,0.0317987591152404,0.07449726691779836,0.11882590336762502,0.055773989616413236,0.04597916902966127,0.06739730729172198,0.08186883518411432,0.05941295168381251,0.0388253338587203,0.05532741965198585,0.07118681445322879,0.08186883518411432,0.0544772826032656,0.05941295168381251,0.05532741965198585,0.046872565730913134,0.050585264789337225,0.0582667897647724,0.0354176665443734,0.44525460091150615,0.07273831765716475,0.07892946507132778,0.2745898588027656,0.05256486497731189,0.04641829477102708,0.02188265340272062,0.07449726691779836,0.13708693842152417,0.07449726691779836,0.043795261872380045,0.03344257210378553,0.10585155879865925,0.05028243415686293,0.06360780013021516,0.05671528656083643,0.14237362890645758,0.1881350167365345,0.04664347208946366,0.039207173705880206])
================================================================================

================================================================================
Original Text: I have existing web site brittlloyd.org. I opened a new domain sayrebuildersrockport.com however I d...
Normalized TF-IDF Vector: (20000,[585,855,1807,3330,4000,4928,5852,5891,6778,7371,9391,10223,10744,10815,10911,11404,12342,12996,13424,14075,14349,15133,15354,16586,17005,17211,17538,17712,18721,18728],[0.1637376468503349,0.07659786316583586,0.11275851773656576,0.06255851524623358,0.182973651409607,0.10608423699432204,0.13405346424327544,0.36618882242380657,0.25592405316716216,0.17567358310098075,0.07484154178661681,0.19160779963537172,0.28375969300665843,0.04749372268771982,0.09774746309108187,0.11566150867155149,0.1352730176106425,0.10265419851221882,0.1668786309677399,0.2943270363946253,0.2626486786657339,0.0710863633033478,0.15037526748590296,0.14482189797691986,0.26782547647226745,0.1453283916311824,0.27916228259435133,0.0821607712143593,0.23173303466846243,0.13170471652044954])
================================================================================

================================================================================
Original Text: Embrace world class facilities at East Bourne Resort & Spa Shimla. Facilities at East Bourne Resort ...
Normalized TF-IDF Vector: (20000,[129,1522,6576,6687,8082,8444,9360,10053,10959,11087,12059,13193,13297,13892,14007,16328,18681,19518],[0.12335530371984546,0.1491223549162241,0.3273531383264932,0.1699519707057649,0.10969012595678389,0.3308209639469407,0.05953064606231679,0.12074054367631654,0.1745843193967088,0.1305197417463247,0.2551958543470213,0.381714652427108,0.497817743245436,0.3326062173380157,0.10298448742842128,0.18608058728354632,0.09712276411106797,0.12428001616939709])
================================================================================

================================================================================
Original Text: "Bake me a pie or go away," I've literally had my son say that to me a few times. So, what was I to ...
Normalized TF-IDF Vector: (20000,[29,45,150,196,270,328,399,494,544,614,635,678,717,760,855,1021,1072,1182,1184,1231,1243,1267,1295,1349,1382,1463,1472,1565,1580,1590,1699,1702,1720,1807,1863,1872,1892,1919,1989,2012,2065,2114,2137,2200,2258,2328,2349,2353,2367,2368,2379,2383,2385,2386,2402,2424,2436,2443,2500,2543,2572,2583,2597,2620,2635,2645,2866,2883,2902,2907,2909,2927,2944,3068,3112,3136,3182,3231,3330,3344,3370,3385,3401,3415,3437,3489,3494,3506,3509,3526,3527,3634,3666,3791,3857,3901,3920,3922,3924,3948,4018,4043,4062,4112,4176,4229,4253,4292,4293,4322,4325,4465,4490,4501,4520,4526,4547,4672,4748,4772,4792,4804,4830,4835,4897,4958,4986,5038,5067,5078,5125,5226,5229,5354,5356,5386,5465,5612,5727,5740,5743,5845,5871,5925,6015,6044,6055,6056,6103,6112,6155,6168,6287,6296,6318,6344,6348,6355,6403,6415,6442,6447,6466,6491,6494,6501,6507,6547,6600,6660,6760,6761,6769,6940,7022,7215,7270,7281,7334,7343,7345,7448,7533,7569,7587,7650,7695,7709,7741,7751,7779,7786,7791,7866,7939,8015,8022,8040,8160,8166,8185,8198,8242,8273,8293,8312,8323,8343,8430,8442,8519,8522,8536,8552,8567,8592,8593,8609,8653,8673,8677,8740,8787,8824,8835,8873,8889,8904,8946,9046,9064,9092,9116,9133,9156,9188,9200,9212,9224,9227,9271,9311,9351,9360,9372,9391,9420,9426,9445,9546,9576,9594,9605,9661,9693,9755,9758,9772,9806,9832,9851,9853,9939,9943,10004,10007,10042,10044,10080,10133,10135,10157,10209,10222,10266,10281,10309,10426,10436,10447,10462,10486,10524,10533,10557,10560,10576,10578,10584,10588,10664,10668,10702,10715,10719,10756,10757,10763,10798,10815,10831,10877,10911,10942,10960,11086,11143,11158,11166,11195,11273,11312,11472,11473,11480,11487,11590,11623,11653,11662,11698,11790,11818,11821,11864,11896,11939,11948,11959,11964,11967,12001,12067,12092,12116,12196,12198,12211,12213,12226,12300,12301,12335,12336,12350,12369,12390,12442,12539,12550,12569,12588,12630,12649,12662,12665,12737,12801,12835,12910,12913,12926,12943,12996,13048,13144,13147,13152,13184,13218,13239,13286,13303,13314,13365,13373,13391,13423,13427,13482,13497,13525,13635,13636,13644,13737,13792,13798,13825,13850,13871,13874,13919,13921,13975,13983,13988,13989,14016,14019,14074,14081,14090,14116,14158,14224,14232,14263,14283,14320,14418,14483,14517,14595,14623,14692,14693,14694,14728,14926,14943,14953,15096,15113,15133,15188,15197,15247,15281,15286,15328,15342,15344,15363,15376,15409,15416,15434,15505,15587,15589,15619,15621,15649,15656,15665,15749,15798,15824,15843,15862,15878,15937,15958,15973,15974,16000,16010,16038,16053,16102,16166,16197,16212,16280,16282,16344,16368,16406,16414,16417,16451,16489,16494,16537,16547,16567,16595,16616,16625,16683,16749,16803,16834,16855,16873,16915,16932,16934,16959,16968,17034,17111,17161,17250,17333,17372,17407,17411,17425,17460,17467,17510,17545,17626,17642,17712,17723,17731,17889,18100,18154,18157,18228,18272,18305,18346,18442,18447,18449,18482,18505,18527,18552,18684,18728,18852,18861,18865,18871,18966,18976,19005,19017,19042,19134,19263,19288,19347,19350,19432,19515,19688,19891,19895,19950],[0.01878446735364696,0.013867253275054945,0.017680121222244563,0.012358452055861897,0.01501928663905323,0.015531883324723945,0.01161878062664698,0.01064525723950751,0.021710149899283805,0.019333798988142484,0.022301899345015485,0.018536718630421757,0.035218140804128606,0.018406114682095742,0.012418169572208862,0.06690569803504645,0.01161878062664698,0.011066811566518477,0.019333798988142484,0.012709957713032105,0.01018289181625393,0.04916544219870342,0.011698757953966573,0.0144002148512342,0.01652808785824628,0.015531883324723945,0.09454655183490676,0.05247848059291062,0.049584263574738836,0.02119755321361309,0.028638791190882976,0.053851192749057177,0.03157302303402973,0.009140296713839237,0.038098630632184945,0.018084576310035218,0.01599776008859079,0.03428721374260391,0.04139928513474568,0.01276290714365255,0.017492826864303538,0.010834087413775402,0.013399345951575672,0.022301899345015485,0.05800139696442745,0.013275503829323267,0.015423741726843883,0.011501854647684703,0.013867253275054945,0.014653412507748733,0.031515517278302256,0.015875884047230428,0.022301899345015485,0.023858387796804423,0.02389840299708687,0.022301899345015485,0.020340955805435896,0.06169496690737553,0.0796530229759396,0.007878414302646497,0.030232951906324426,0.0399501633482628,0.0152161899453351,0.014012129821759818,0.012125727903118822,0.0152161899453351,0.013336925505399456,0.01599776008859079,0.0162537731268654,0.027319402987092328,0.08740286591200014,0.02300179038862723,0.01226366272486191,0.017492826864303538,0.013527316896874985,0.011579408252189194,0.11025211780440282,0.10004139688182495,0.0152131316411155,0.054162686171817964,0.03259944694105095,0.009919859305654876,0.020340955805435896,0.015757758639151128,0.013155532413582622,0.03462849418188013,0.018084576310035218,0.009510323114729541,0.00981949351403093,0.019839718611309752,0.015423741726843883,0.012657728705207764,0.017877024528526433,0.13584184142906258,0.048488087363352826,0.009697617472670565,0.013096924055959795,0.009869348407718142,0.04539272842425768,0.02119755321361309,0.01682352381406737,0.008125167364380499,0.11929193898402211,0.007646568889258932,0.05714794594827742,0.017314247090940066,0.03894697593388805,0.048684630791683496,0.012871048741532614,0.013527316896874985,0.018084576310035218,0.0312863197889747,0.009533241229713841,0.03497568303675047,0.024716904111723795,0.012505174610228119,0.014162689230876036,0.034985653728607076,0.01963898702806186,0.01501928663905323,0.09833088439740684,0.037818602337261295,0.013592938543674068,0.010834087413775402,0.02270259047713697,0.019333798988142484,0.02119755321361309,0.0163143146466468,0.01638848073290114,0.03756893470729392,0.009945366195895767,0.014924497308053241,0.02300179038862723,0.022301899345015485,0.01182193770491929,0.021710149899283805,0.011135980516380206,0.012217131575050784,0.03003857327810646,0.036932294469798024,0.013592938543674068,0.022301899345015485,0.010932103960482735,0.007760741553356451,0.013462798187264294,0.010707174273072972,0.01456714431866669,0.0327963118814482,0.010584323057604024,0.022301899345015485,0.017314247090940066,0.052422266800763506,0.022939706667776796,0.021710149899283805,0.018536718630421757,0.01682352381406737,0.013939008127916309,0.011066811566518477,0.00561043479410007,0.019049315316092472,0.09757305689541416,0.02122933849226387,0.0199750816741314,0.015757758639151128,0.06399104035436316,0.0119925779245574,0.01878446735364696,0.0819424036645057,0.014482772288110624,0.01205925214437164,0.026430098928078186,0.03866759797628497,0.01878446735364696,0.01939523494534113,0.008271269377291402,0.020872178945536925,0.01161878062664698,0.0439602375232462,0.007674795287446032,0.012657728705207764,0.053851192749057177,0.0162537731268654,0.018536718630421757,0.04595568986519729,0.015875884047230428,0.008475145933188873,0.013096924055959795,0.018084576310035218,0.04003665413298286,0.02074541089322655,0.020790923361992755,0.021710149899283805,0.012217131575050784,0.02619384811191959,0.010738511368384341,0.21972589841544538,0.06513044969785142,0.009266861128809433,0.023858387796804423,0.008015256339016792,0.03861314622459784,0.020340955805435896,0.07414687452168703,0.007999808540070515,0.014482772288110624,0.009442378458565893,0.020642981456209367,0.042036389465279454,0.034768575057134474,0.0152161899453351,0.008672049239470743,0.014831992281112205,0.01878446735364696,0.012606200779087098,0.011463657587679471,0.0119925779245574,0.019641064761824156,0.03340794154914062,0.02991313110616549,0.012709957713032105,0.02074541089322655,0.0073620852172089244,0.0152161899453351,0.011658561012250155,0.019049315316092472,0.014086671442698411,0.04727327591745338,0.007789823305004616,0.011066811566518477,0.024962733928206818,0.02074541089322655,0.0288004297024684,0.015423741726843883,0.00678154387537456,0.020204145120922435,0.010676090922208123,0.021710149899283805,0.013527316896874985,0.012709957713032105,0.009510323114729541,0.04239510642722618,0.01612363277045563,0.010738511368384341,0.015209229339878045,0.02300179038862723,0.00606671595354824,0.019333798988142484,0.005315918194733571,0.01652808785824628,0.01055421488084776,0.02574209748306523,0.008287851575247848,0.0073620852172089244,0.022927315175358943,0.02481347828716344,0.021668174827550804,0.019641064761824156,0.011171038046407166,0.03376162268090998,0.01276290714365255,0.01638848073290114,0.017492461466986766,0.02908702792968093,0.018303994477678682,0.047716775593608846,0.009626306947937228,0.02074541089322655,0.01599961708014103,0.01178043705361052,0.015423741726843883,0.5010261437328928,0.021479727881161977,0.015423741726843883,0.05463113053504066,0.010102072560461218,0.008746230733493383,0.00977027780327119,0.06046590381264885,0.01878446735364696,0.028193223185762426,0.02300179038862723,0.021710149899283805,0.01356308775074912,0.010899152918181942,0.021668174827550804,0.010707174273072972,0.0162537731268654,0.018303994477678682,0.020340955805435896,0.10372705446613274,0.0162537731268654,0.017143606871301956,0.044224992138970534,0.4037645715376168,0.015757758639151128,0.028325378461752072,0.018303994477678682,0.01285586840905448,0.05247848059291062,0.026949157215539435,0.0199750816741314,0.013939008127916309,0.023770465423238074,0.008581293881136931,0.007703230771969205,0.011501854647684703,0.013592938543674068,0.0162537731268654,0.022301899345015485,0.010155762566536417,0.011314560289743677,0.011698757953966573,0.12244978805012478,0.026078394120987867,0.009510323114729541,0.012871048741532614,0.008141129020881628,0.010801963604072961,0.010834087413775402,0.010436089472768462,0.01178043705361052,0.014025730448414687,0.012358452055861897,0.042029884916635715,0.01667296440495115,0.010801963604072961,0.016980230178632823,0.021798305836363885,0.06443106821030604,0.007717527894111269,0.016950291866377747,0.02074541089322655,0.01456714431866669,0.033960460357265645,0.015638254113809723,0.022065377832877556,0.012217131575050784,0.008475145933188873,0.0162537731268654,0.01682352381406737,0.028173342885396822,0.017877024528526433,0.024185928782462,0.013275503829323267,0.015531883324723945,0.0152161899453351,0.0144002148512342,0.022301899345015485,0.02300179038862723,0.0915199723883934,0.01064525723950751,0.02541991542606421,0.019641064761824156,0.02300179038862723,0.03305617571649256,0.015423741726843883,0.03610935027565539,0.018084576310035218,0.05304036366673369,0.033960460357265645,0.009099019188622992,0.02773450655010989,0.03462849418188013,0.008321232419134243,0.028327135375697678,0.02416165892626436,0.013155532413582622,0.01682352381406737,0.021798305836363885,0.009945366195895767,0.0162537731268654,0.015116475953162213,0.010265449253130355,0.017680121222244563,0.033619256075590846,0.01208082946313218,0.034621306812512576,0.021048682022686487,0.16473175379651772,0.013659701493546164,0.010378362477302602,0.032033843741275096,0.007646568889258932,0.013155532413582622,0.009844340027036786,0.009099019188622992,0.019512692459240765,0.06212753329889578,0.07937942023615213,0.02119755321361309,0.015318563288399097,0.024962733928206818,0.03416515535979271,0.028024259643519636,0.014831992281112205,0.02074541089322655,0.03199552017718158,0.007375164524096151,0.01231076482326601,0.00878386606296212,0.019049315316092472,0.02300179038862723,0.023858387796804423,0.013867253275054945,0.031308268418305384,0.01161878062664698,0.008440405670227495,0.02518844584105726,0.0144002148512342,0.00859927411474748,0.015116475953162213,0.031751768094460855,0.022301899345015485,0.013867253275054945,0.01682352381406737,0.04068191161087179,0.009119602470419187,0.019333798988142484,0.038262532725503444,0.02074541089322655,0.02699317928717647,0.037818602337261295,0.020340955805435896,0.014653412507748733,0.017286954438822014,0.01178729174888033,0.01276290714365255,0.013462798187264294,0.02119755321361309,0.011540435604170859,0.01578676059531286,0.18217754900797575,0.028024259643519636,0.046595649974171836,0.036607988955357364,0.014319395595441488,0.0325075462537308,0.014319395595441488,0.012358452055861897,0.015875884047230428,0.021732964627367304,0.022484256928656528,0.010321490728104683,0.008563397471763653,0.019049315316092472,0.04633430564404716,0.016980230178632823,0.014653412507748733,0.02074541089322655,0.017314247090940066,0.019066482459427683,0.020340955805435896,0.019333798988142484,0.010293367724244109,0.06690569803504645,0.009245475152284023,0.010707174273072972,0.018406114682095742,0.023858387796804423,0.020420428316682566,0.017680121222244563,0.012555355362143767,0.014750329048192302,0.022851673719014157,0.016980230178632823,0.022202480506837655,0.011242128464328264,0.011698757953966573,0.03906428511246751,0.05437175417469627,0.01682352381406737,0.013744813293045017,0.012606200779087098,0.01226366272486191,0.03376210195233909,0.015757758639151128,0.031751768094460855,0.017492826864303538,0.0355916757727176,0.015423741726843883,0.022164865639948315,0.023858387796804423,0.012171157697920874,0.019333798988142484,0.01182193770491929,0.017492826864303538,0.022301899345015485,0.014653412507748733,0.03003857327810646,0.03428721374260391,0.012871048741532614,0.018303994477678682,0.010707174273072972,0.11429589189655484,0.01878446735364696,0.01564315989448735,0.01281659714972775,0.012505174610228119,0.019333798988142484,0.016980230178632823,0.00809344178828574,0.02119755321361309,0.02591784852259162,0.017492826864303538,0.05892319428547246,0.04631763300875678,0.013320037230208767,0.013399345951575672,0.020340955805435896,0.019049315316092472,0.016980230178632823,0.010524341011343244,0.017503793225151602,0.015423741726843883,0.019333798988142484,0.009375615508693797,0.037073437260843514,0.012379588859285763,0.03866759797628497,0.0256331942994555,0.0144002148512342,0.04799328026577237,0.13851397672752053,0.014319395595441488,0.04239510642722618,0.03202827276662437,0.02110842976169552,0.023858387796804423,0.011739380268042866,0.018116361588685993,0.0199750816741314,0.024434263150101568,0.02300179038862723,0.028638791190882976,0.019333798988142484,0.02300179038862723,0.010293367724244109,0.011101240253418828,0.006479462130647905,0.014831992281112205,0.01064525723950751,0.018303994477678682,0.025212401558174197,0.0199750816741314,0.017680121222244563,0.03844979144918325])
================================================================================

================================================================================
Original Text: Are film trailers spoiling movies?
In April we asked if high ticket prices were ruining your visits ...
Normalized TF-IDF Vector: (20000,[87,167,401,468,495,528,543,585,717,790,795,823,1017,1020,1106,1181,1208,1212,1233,1434,1457,1479,1503,1695,1702,1708,1716,1770,1798,1802,1853,1929,2007,2087,2094,2164,2193,2275,2423,2475,2481,2511,2641,2645,2716,2913,3100,3115,3269,3330,3519,3610,3975,4043,4112,4288,4293,4314,4585,4792,4842,4858,4867,4985,5003,5034,5038,5044,5178,5187,5304,5401,5450,5536,5594,5700,5734,6103,6168,6289,6303,6315,6390,6404,6447,6450,6610,6634,6923,6925,6941,6979,7035,7120,7178,7238,7243,7334,7421,7650,7690,7702,7741,7779,7791,7816,7867,7920,8132,8166,8173,8184,8217,8284,8294,8315,8415,8552,8597,8619,8641,8669,8673,8784,8791,8824,8960,9081,9133,9286,9352,9360,9371,9426,9546,9624,9673,9679,9694,9704,9806,9822,9826,9830,10007,10008,10044,10066,10070,10228,10346,10453,10524,10646,10664,10666,10763,10775,10817,10911,11058,11106,11209,11388,11439,11480,11584,11590,11662,11698,11725,11780,11936,11964,11971,12024,12059,12116,12198,12211,12246,12275,12280,12335,12336,12432,12436,12569,12616,12641,12696,12708,12826,12837,12848,12996,13009,13015,13048,13057,13079,13131,13152,13193,13210,13222,13270,13304,13305,13330,13377,13384,13406,13558,13621,13635,13712,13792,13886,13891,13942,13989,14158,14260,14282,14320,14326,14330,14349,14527,14644,14693,14728,14892,14934,14938,15110,15141,15301,15303,15354,15428,15627,15667,15800,15869,15995,16010,16053,16095,16146,16212,16323,16406,16487,16537,16598,16633,16654,16703,16735,16850,16855,16934,16958,17034,17094,17123,17232,17497,17629,17712,17748,18081,18154,18157,18264,18268,18297,18325,18713,18729,18758,18871,19424,19430,19494,19950],[0.040976512576071863,0.07799402630106389,0.0394497674408222,0.01608821353209954,0.02616065768027973,0.028569682769455915,0.05204478302179544,0.028953134605681982,0.025608331294810757,0.03574989773261027,0.09050824538786148,0.023221606923313227,0.04525412269393074,0.024924366443365726,0.12292953772821559,0.033645412187713664,0.022453993720547637,0.0856901952095091,0.027064110627886273,0.028319696607298078,0.17354741482471192,0.04437184274000421,0.05204478302179544,0.02163922095518525,0.029367802069854787,0.05639489501714034,0.02965169076633381,0.021694861788063565,0.03341597551940016,0.041554252985718805,0.05051873539306729,0.09028928371411675,0.03235456756867792,0.04525412269393074,0.03341597551940016,0.02844375686955402,0.027611620266291624,0.031236387098537474,0.05204478302179544,0.01658873700235309,0.028959237404745573,0.035172157322963325,0.05445380811097162,0.03319265789742341,0.025972471905922435,0.04769467102645054,0.030096427904705583,0.03799552418305856,0.03215752519429968,0.033185986500308094,0.055682113869210244,0.04357372343960534,0.026752003153096823,0.017724272741999603,0.033360512209965464,0.02965169076633381,0.02807695745081905,0.040436072515578354,0.042174826811208786,0.03574989773261027,0.02965169076633381,0.01903831381503505,0.03341597551940016,0.03704074235164601,0.42792562826988395,0.051216662589621514,0.01779405576699857,0.026752003153096823,0.04735860823882734,0.02950854344228668,0.02965169076633381,0.05477660528862974,0.05204478302179544,0.058186445791557954,0.02251534135418954,0.0377693681864968,0.030096427904705583,0.02308868485402729,0.028588535868314568,0.04357372343960534,0.05017619799311275,0.03341597551940016,0.016261473117020194,0.02950854344228668,0.04630976430327407,0.02738830264431487,0.032556358406205355,0.04864945285786308,0.06282537309583859,0.030096427904705583,0.031063722949642183,0.31226869813077257,0.041554252985718805,0.042174826811208786,0.042174826811208786,0.05445380811097162,0.07631784564357293,0.016741829283424034,0.041554252985718805,0.018487717398488503,0.03341597551940016,0.0274992170411721,0.024953176635596378,0.01511780125873413,0.053300999831799846,0.04437184274000421,0.027064110627886273,0.027064110627886273,0.040436072515578354,0.0174845123895619,0.021864037532601292,0.05445380811097162,0.019455012443425106,0.0788995348816444,0.05445380811097162,0.040976512576071863,0.033645412187713664,0.0274992170411721,0.02795817652962641,0.053100424631138766,0.05017619799311275,0.03388131270392758,0.027725552833857046,0.038567487486895674,0.025608331294810757,0.025432031845428936,0.05017619799311275,0.033645412187713664,0.014793287063341633,0.024292072651597045,0.05522324053258325,0.01658873700235309,0.04553065503269475,0.011596165313549798,0.06906902026875823,0.4284509760475455,0.02950854344228668,0.02738830264431487,0.042174826811208786,0.039928407113515155,0.018411934849250737,0.0394497674408222,0.0572371886139168,0.03574989773261027,0.020998864662334745,0.03815892282178646,0.052352443496577104,0.05445380811097162,0.024681627286886696,0.02030885802524579,0.025519717615632185,0.018917243062124778,0.029586574126683265,0.04735860823882734,0.03545604601944235,0.02476176105188317,0.01402192150627234,0.026650499915899923,0.06829598254904212,0.017284329600918753,0.023154882151637034,0.05445380811097162,0.02406675194037758,0.026451111578615395,0.03319265789742341,0.020745857062460845,0.033645412187713664,0.03551818312727542,0.022765327516347376,0.02569789273184663,0.0549984340823442,0.025432031845428936,0.10237215558121983,0.03367009272667389,0.04864945285786308,0.145481886232401,0.023704188189178143,0.01705667518536057,0.026650499915899923,0.07395086959395401,0.024924366443365726,0.03215752519429968,0.03196501293338827,0.03517285482948484,0.028959237404745573,0.0394497674408222,0.03704074235164601,0.023221606923313227,0.04698790670239635,0.05017619799311275,0.035172157322963325,0.05591635305925282,0.036054437276889846,0.02421629010235928,0.0377693681864968,0.018151969840383666,0.03388131270392758,0.035172157322963325,0.02059764231645017,0.02105039660674042,0.026550212315569383,0.024602253095072225,0.03669890245821299,0.17728023009721175,0.05445380811097162,0.04284509760475455,0.030250082023781308,0.02105039660674042,0.04525412269393074,0.04624042776868689,0.027725552833857046,0.03489757814888751,0.020947647899988285,0.04864945285786308,0.04624042776868689,0.0500407683149482,0.033545572977763095,0.008513013149599567,0.0329751413941679,0.09423805964375788,0.05930338153266762,0.01608821353209954,0.022765327516347376,0.02950854344228668,0.03704074235164601,0.05627547333775657,0.03463171726246982,0.057849138274903976,0.023221606923313227,0.024445726770672773,0.02509019195199591,0.01989353747873809,0.027822014218830217,0.015143292646879745,0.03341597551940016,0.032556358406205355,0.05017619799311275,0.03388131270392758,0.03235456756867792,0.027611620266291624,0.05318062699245242,0.05959465546698212,0.039928407113515155,0.040976512576071863,0.09050824538786148,0.02509019195199591,0.04525412269393074,0.04015117253783017,0.02227260219771051,0.05445380811097162,0.04864945285786308,0.024924366443365726,0.022453993720547637,0.042607494267744205,0.023704188189178143,0.01227479748027075,0.04735860823882734,0.026256360602401458,0.0394497674408222,0.028319696607298078,0.02517435260552357,0.03545604601944235,0.025788422419393976,0.032763132233787136,0.057849138274903976,0.039928407113515155,0.05204478302179544,0.03040660834818076,0.042174826811208786,0.03545604601944235,0.03574989773261027,0.014528191372203788,0.04525412269393074,0.05204478302179544,0.02295783977725879,0.019091422442705966,0.03196501293338827,0.022765327516347376,0.03476764565050969,0.03463171726246982,0.03319265789742341,0.04525412269393074,0.024924366443365726,0.039519103975409364,0.03637047155810025,0.028959237404745573,0.04864945285786308,0.05591635305925282])
================================================================================

================================================================================
Original Text: UNStudio has joined forces with HPP Architects to create a consortium (UNS + HPP) to carry out the n...
Normalized TF-IDF Vector: (20000,[88,107,585,734,855,873,992,1242,1243,1307,1311,1317,1422,1499,1606,1770,1830,2012,2030,2126,2575,2612,2851,2869,2888,2889,2923,3083,3355,3506,3556,3560,3660,3761,3922,4106,4224,4307,4776,4804,4830,5071,5200,5267,5402,5500,5783,5852,5891,5980,6061,6475,6487,6576,7210,7228,7334,7371,7403,7440,7457,7488,7741,8049,8168,8202,8273,8312,8344,8430,8444,8447,8451,8824,8872,9048,9085,9234,9593,9676,9848,9939,10116,10327,10380,10387,10388,10454,10942,11404,11491,11653,11770,11782,11796,12039,12067,12116,12230,12381,12515,12531,12871,12926,12968,12996,13245,13365,13424,13989,14125,14273,14311,14662,14710,14792,14938,15495,15501,15762,15819,16053,16197,16323,16328,16488,16748,16762,16805,16855,17006,17012,17024,17061,17230,17361,17413,17564,17602,17752,17873,17998,18173,18359,18405,18442,18454,18637,18680,18837,18862,18930,19311,19357,19424,19518,19527,19691,19961],[0.04457311499838001,0.07257927085641605,0.08428328621421995,0.06048826791037397,0.02365706268090512,0.07062624036308555,0.03838840960638695,0.08271724330912765,0.15519022095437263,0.08497185155032838,0.09090218526850875,0.1550010293161503,0.08763848711078676,0.03731892317218253,0.04637299223281249,0.037892565424037995,0.08076421281579715,0.048627600474013224,0.061928052669532156,0.06811275806152521,0.05960157203514213,0.07610650772214754,0.06244129840370445,0.053108630394246945,0.07610650772214754,0.1293918132898104,0.06143220848718319,0.06143220848718319,0.06531838367529176,0.036235019780100894,0.05012353118535249,0.04745689562489413,0.08763848711078676,0.053108630394246945,0.0752058642921396,0.05081465200119278,0.08485778441258149,0.06409884404764155,0.07610650772214754,0.04803053787674959,0.05179008021682056,0.09090218526850875,0.0646959066449052,0.03987348153607716,0.06244129840370445,0.3398874062013135,0.03580607400599879,0.04140208453765466,0.11309652211017125,0.10104015772122035,0.03242449148175743,0.20433827418457565,0.048627600474013224,0.053108630394246945,0.07904151783214802,0.056510964685524086,0.029241525833976958,0.05425635644432335,0.04021232300495077,0.039762256645832376,0.04569259036401275,0.048425859308888625,0.04358358617071922,0.0646959066449052,0.06973954448785373,0.07904151783214802,0.030479849863094658,0.07195229143948255,0.08111840196899271,0.02649415776357706,0.053671238316961765,0.06736254220536356,0.04067667954848118,0.044419961739482,0.06409884404764155,0.06003820155125557,0.1654344866182553,0.05035029545766237,0.06003820155125557,0.07904151783214802,0.05425635644432335,0.027705920704837926,0.053108630394246945,0.049680285065379456,0.13472508441072711,0.03614821832306343,0.08271724330912765,0.05425635644432335,0.032695351122220856,0.14288709618371434,0.1248825968074089,0.041278657623049435,0.05616680756964223,0.049680285065379456,0.07904151783214802,0.06297321166125605,0.05550187476900282,0.02979144032774822,0.12457968572014126,0.05179008021682056,0.05836483545949994,0.049463599582430545,0.20661085527401046,0.05283523920854445,0.11100374953800564,0.031704498119012735,0.1905756053873583,0.04269726675583286,0.051540056990366255,0.028099910927129663,0.07904151783214802,0.06531838367529176,0.07610650772214754,0.08497185155032838,0.10104015772122035,0.048627600474013224,0.05686341553714402,0.0767768192127739,0.05425635644432335,0.05583056281672435,0.07257927085641605,0.038901655340559255,0.028099910927129663,0.03921847644841501,0.03018906488603676,0.03750764840463164,0.04536390231629122,0.06736254220536356,0.0715701809398948,0.04504243876986857,0.06973954448785373,0.08497185155032838,0.06736254220536356,0.0331112844376513,0.05179008021682056,0.1842966254615496,0.061928052669532156,0.04032703733874836,0.07908462522533573,0.05518041122258017,0.07062624036308555,0.07257927085641605,0.05035029545766237,0.16459758422845536,0.07366317424849769,0.023583565025828937,0.058765572926724824,0.08497185155032838,0.042428892206290744,0.06297321166125605,0.07257927085641605,0.07750051465807516,0.05797478560881361,0.05797478560881361,0.0635252017957861,0.06048826791037397,0.021407718432052796,0.03869419083253939,0.05425635644432335])
================================================================================

================================================================================
Original Text: Students are shouting several slogans to guarantee the school's autonomy in front of Jogyesa Temple...
Normalized TF-IDF Vector: (20000,[110,504,787,796,808,1041,1261,1306,1434,1606,1708,1721,2353,2602,3094,3174,3311,3502,3536,3556,3700,3805,3876,3995,4073,4229,4884,5032,5085,5152,5282,5357,5465,5775,5781,5925,7306,7440,7454,7488,7789,7867,8082,8284,8312,8873,8899,8942,9179,9203,9227,9304,9330,9348,9391,9681,9822,10420,11110,11112,11226,11523,11678,11817,11878,11959,12337,12679,12825,12871,13061,13303,13332,13496,13598,13792,13989,14123,14263,14447,14859,15121,15150,15606,15843,16115,16319,16451,16545,16997,17091,17325,17534,17564,17752,18130,18152,18433,18490,18505,18605,18644,18675,18843,19183,19493,19557,19674],[0.07911404411742784,0.04344859726821389,0.17996714536500477,0.04358620662995276,0.044293946234507574,0.041523551611843464,0.3227485214244036,0.0502754442555672,0.050493411777149444,0.047338459228949144,0.0502754442555672,0.06128817269424605,0.08947054845731427,0.07639189028005042,0.050060613066326566,0.04344859726821389,0.07209665020399993,0.05768750017949879,0.10522620038177315,0.05116708288989491,0.07519681182811598,0.07911404411742784,0.16436595555959976,0.055385951903996,0.2000348582418481,0.06734197356874523,0.08443938295509727,0.0894630850679775,0.045344767428401454,0.1613742607122018,0.12349521850690058,0.08233325998462826,0.04331224463052418,0.15490109791499884,0.06734197356874523,0.030184601722211962,0.08244569115454958,0.04059009079314675,0.04647518354428389,0.04943406616963131,0.2373421323522835,0.04825472890002718,0.05449872992701667,0.07033808940555124,0.07345030912901332,0.10957730370639984,0.02690940280547535,0.06953083821460432,0.05211537043280642,0.17348186246120012,0.07397883655679897,0.08244569115454958,0.03242991448845618,0.038483715362955355,0.04719172866681654,0.027603970366778557,0.07033808940555124,0.08443938295509727,0.17306250053849637,0.07769101451929489,0.16515612172291236,0.09100221855276654,0.03416393869953008,0.04414968897646701,0.09279473210509924,0.08353265896451353,0.06803654113004845,0.11945580396009929,0.07519681182811598,0.03515206832583361,0.07306024324292867,0.039926403305017545,0.04825472890002718,0.032895491500166164,0.0900738219068927,0.015178519896863757,0.028684939739985243,0.05841596221632853,0.04898392766249221,0.12748260210799592,0.06734197356874523,0.08674093123060006,0.0528683288000817,0.06604284932950076,0.2020259207062357,0.08674093123060006,0.06876500316687818,0.053459029932171345,0.06128817269424605,0.0509391317436964,0.1981285479885023,0.1360730822600969,0.05804728891570661,0.20583314996157065,0.056329245130066374,0.04304321915289866,0.09279473210509924,0.08443938295509727,0.037905687949477525,0.06222163351294278,0.05569380837895111,0.053127996389555496,0.0894630850679775,0.05449872992701667,0.08443938295509727,0.07409034200454762,0.2062875461112978,0.0806871303561009])
================================================================================

================================================================================
Original Text: Quartz is one of the most common and varied minerals on earth, and its abundant colors produce many ...
Normalized TF-IDF Vector: (20000,[25,55,103,130,225,392,419,441,452,574,625,660,693,697,698,771,956,1071,1080,1154,1167,1206,1235,1301,1304,1355,1368,1534,1648,1720,1806,1853,1888,1946,2111,2136,2261,2293,2326,2405,2451,2647,2830,2886,2907,2947,2990,3100,3136,3385,3506,3562,3611,3634,3747,3783,3987,3995,4040,4043,4059,4130,4462,4506,4602,4737,4756,4881,4887,4965,4988,4992,5003,5258,5331,5332,5367,5465,5516,5523,5693,5723,5768,5802,5843,5871,5880,6015,6036,6061,6165,6168,6173,6324,6332,6344,6382,6495,6500,6583,6588,6647,6702,6764,7022,7185,7470,7516,7586,7620,7673,7689,7854,7922,7961,8040,8136,8173,8266,8302,8422,8442,8528,8544,8552,8566,8904,8997,9031,9089,9169,9172,9188,9227,9360,9502,9521,9523,9605,9663,9746,9817,9832,9943,9954,10007,10114,10165,10222,10284,10286,10316,10373,10416,10472,10496,10551,10764,10815,10960,10981,11002,11073,11152,11181,11221,11253,11275,11341,11481,11570,11574,11597,11611,11626,11637,11688,11730,11762,11948,11967,11968,12034,12059,12167,12331,12437,12480,12627,12657,12658,12719,12737,12749,12814,12827,12946,13085,13157,13224,13304,13350,13392,13427,13443,13507,13525,13792,13913,13915,14099,14158,14199,14266,14365,14377,14604,14657,14988,15040,15041,15133,15188,15191,15328,15354,15361,15409,15513,15589,15591,15621,15670,15816,15869,15948,16024,16148,16149,16220,16361,16413,16443,16452,16545,16554,16908,16932,16968,16978,17046,17083,17158,17308,17330,17778,17779,17816,17901,17963,18015,18161,18174,18237,18291,18310,18527,18614,18722,18725,18728,19013,19051,19142,19160,19205,19288,19295,19312,19453,19676,19756,19825,19923,19961],[0.01618510871924141,0.012574982387181593,0.03822915223037892,0.05703348771546498,0.0143800455532115,0.007578234825745392,0.009359515582848641,0.07450263860426572,0.009556149004453873,0.12386873278547142,0.030373545803026276,0.023733649315863744,0.021224086536028752,0.028078546748545923,0.0074161461636633105,0.01560400817305005,0.04341039109656241,0.01560400817305005,0.02739877323419947,0.012127457564819193,0.028760091106423,0.04258665616379688,0.012922718921492372,0.009089879535868175,0.011026272495723128,0.06474043487696564,0.015129214455680906,0.014727782087522281,0.03864131649497335,0.05711621587097395,0.04418334626256684,0.007855265957713428,0.014073320192120405,0.035980343770542635,0.010937987577429732,0.025845437842984743,0.014073320192120405,0.01618510871924141,0.02137957006301881,0.04710620092870445,0.0892013552042175,0.016934277621710816,0.023733649315863744,0.013115707617970646,0.009266500135228782,0.00822587955579311,0.060247081890107704,0.009359515582848641,0.007855265957713428,0.02018837182658762,0.006451635159842146,0.013324151289651,0.025866632207638747,0.01717355899964793,0.01618510871924141,0.004757403855359657,0.015605309925478117,0.009660329123743337,0.0143800455532115,0.0055119699736016735,0.025845437842984743,0.009556149004453873,0.10590450118976634,0.00922120932969322,0.00994061612904,0.014073320192120405,0.00865813069403068,0.0307642505651407,0.013550742461099816,0.01162991998516851,0.0160965093083834,0.0431401366596345,0.019011162571821658,0.0624160326922002,0.0143800455532115,0.09077528673408544,0.008551823865208464,0.007554452416818733,0.03423834388439662,0.01560400817305005,0.00994061612904,0.0143800455532115,0.08622210735879583,0.014727782087522281,0.043708898219029596,0.0074161461636633105,0.010937987577429732,0.009132924411399825,0.0719002277660575,0.011546343319430967,0.010061761491901963,0.004445292441307995,0.011993881840990234,0.06247136517803629,0.04082657533066358,0.011412781294798875,0.24391336429979668,0.008884721865479497,0.024834212868088568,0.015129214455680906,0.050802832865132444,0.013706135056001543,0.012574982387181593,0.007725679240043235,0.01683324899290021,0.012574982387181593,0.011745679295069908,0.013324151289651,0.05468993788714866,0.012417106434044284,0.029455564175044562,0.031175527997561618,0.01618510871924141,0.010689785031509405,0.010391842665853874,0.00628647485040803,0.016934277621710816,0.006799371694152925,0.020926387720121176,0.016934277621710816,0.0312080163461001,0.010322394398789285,0.015129214455680906,0.009556149004453873,0.008551823865208464,0.007393792758789823,0.005284478489031312,0.011412781294798875,0.012743050743459642,0.0312080163461001,0.10815950936060528,0.039972453868953,0.014484942884161573,0.006451635159842146,0.005158836223518283,0.014073320192120405,0.01618510871924141,0.011993881840990234,0.03496015969686112,0.008964856055121777,0.0143800455532115,0.005908005125987688,0.0865813069403068,0.012417106434044284,0.06511558664484363,0.039181899257590524,0.012417106434044284,0.006817147569849674,0.015883197282265643,0.15118895980719063,0.01618510871924141,0.025449868491962617,0.020123522983803925,0.01618510871924141,0.013550742461099816,0.011745679295069908,0.07802654962739058,0.027931355148202535,0.0026116902972909647,0.010451471289307047,0.011212362762529994,0.01560400817305005,0.01041289102877884,0.05196853769924652,0.015129214455680906,0.01560400817305005,0.020000968826924308,0.039972453868953,0.07564781456655925,0.011310644451940738,0.014727782087522281,0.009505581285910829,0.017613960203968937,0.01710739877211822,0.016767511017860837,0.007263557838085016,0.3386855524342163,0.011745679295069908,0.017613960203968937,0.014787585517579646,0.011498778501577649,0.010322394398789285,0.007461436969198874,0.0294865183918656,0.022424725525059988,0.066620756448255,0.024254915129638385,0.017462984086482395,0.010937987577429732,0.00700191693595456,0.013324151289651,0.015129214455680906,0.03266126026453087,0.011519088123621091,0.024834212868088568,0.05011855022364308,0.017990171885271317,0.024536514052180994,0.021875975154859464,0.010689785031509405,0.006546342166909675,0.06037056895141177,0.021875975154859464,0.046562962947162785,0.010852597774140603,0.007626461309141868,0.003621865596168322,0.029121544733232748,0.020926387720121176,0.013550742461099816,0.017769443730958994,0.0070796586994495885,0.015129214455680906,0.01731626138806136,0.017929712110243554,0.009359515582848641,0.01560400817305005,0.03725131930213286,0.018911953641639813,0.028760091106423,0.019215436257537934,0.003909054814038779,0.003998145224351625,0.008731492043241198,0.005354729723061961,0.03307667664863956,0.012127457564819193,0.019428049915182367,0.014727782087522281,0.0589730367837312,0.007855265957713428,0.04901341855168192,0.014073320192120405,0.010391842665853874,0.023407964888217177,0.007159792889091869,0.009455976820819906,0.0318551525866706,0.057520182212846,0.010061761491901963,0.015129214455680906,0.010536555209271105,0.009132924411399825,0.013324151289651,0.010689785031509405,0.01560400817305005,0.03386855524342163,0.01988123225808,0.008731492043241198,0.025486101486919283,0.007776742752148582,0.006627983827319446,0.021705195548281205,0.008845560891753717,0.026231415235941292,0.012743050743459642,0.007751085838423965,0.7131261458269218,0.0143800455532115,0.007602236430470178,0.028668447013361624,0.018625185178865113,0.006799371694152925,0.021705195548281205,0.02325983997033702,0.0456511251791955,0.05872839647534954,0.008449687022350326,0.011412781294798875,0.025845437842984743,0.007242471442080786,0.014073320192120405,0.01618510871924141,0.012574982387181593,0.0328739184017389,0.13255003878770052,0.02259265570879039,0.013550742461099816,0.011866824657931872,0.05629328076848162,0.010061761491901963,0.16934277621710814,0.012127457564819193,0.02710148492219963,0.05796197474246002])
================================================================================

